Material: Gray
DiffuseMap: "stone01"
DiffuseColor: [0.5021097, 0.4978725, 0.4978725, 1]
Tiling: [1, 1]
Offset: [0, 0]