Material: Green
DiffuseMap: ""
DiffuseColor: [0.12295727, 0.96202534, 0.028414274, 1]
Tiling: [1, 1]
Offset: [0, 0]