Material: Wierd
DiffuseMap: ""
DiffuseColor: [1, 0.016877651, 0.93777716, 1]
Tiling: [1, 1]
Offset: [0, 0]