Material: Yellow
DiffuseMap: ""
DiffuseColor: [0.96314704, 1, 0.02953589, 1]
Tiling: [1, 1]
Offset: [0, 0]