m_Name: Stormtroopermat
m_InstanceID: 10503649321446084716
m_AlbedoMap: ""
m_AlbedoColor: [0.639999986, 0.639999986, 0.639999986, 1]
m_Tiling: [1, 1]
m_Offset: [0, 0]